  1 0 0 17
  1 0 0 5
  9 0 0 17
  17 0 0 9
  2 0 1 1
  10 0 1 9
  6 0 1 1
  6 0 1 13
  11 0 1 17
  7 0 1 5
  15 0 1 9
  8 0 1 5
  8 0 1 13
  21 0 1 5
  10 0 9 1
  18 0 9 17
  14 0 9 13
  19 0 9 13
  7 0 9 9
  15 0 9 9
  4 0 9 5
  12 0 9 1
  12 0 9 13
  20 0 9 1
  21 0 9 1
  2 0 17 9
  2 0 17 17
  10 0 17 17
  18 0 17 17
  7 0 17 13
  15 0 17 9
  20 0 17 17
  8 0 17 9
  8 0 17 5
  16 0 17 13
  22 0 17 5
  18 0 5 1
  3 0 5 13
  11 0 5 13
  19 0 5 9
  19 0 5 17
  15 0 5 1
  15 0 5 9
  15 0 5 17
  4 0 5 1
  20 0 5 5
  8 0 5 5
  16 0 5 5
  2 0 13 13
  10 0 13 1
  10 0 13 9
  6 0 13 1
  7 0 13 5
  4 0 13 5
  4 0 13 13
  8 0 13 17
  16 0 13 1
  16 0 13 13
  21 0 13 9
  22 0 13 17
  6 2 2 18
  14 2 2 7
  10 2 10 3
  2 2 18 8
  18 2 18 22
  14 2 18 14
  11 2 18 10
  20 2 18 6
  22 2 18 8
  3 2 3 7
  7 2 3 12
  14 2 11 18
  15 2 11 4
  20 2 11 15
  8 2 11 3
  14 2 19 15
  19 2 19 15
  3 2 7 16
  20 2 7 3
  16 2 7 21
  19 2 15 18
  18 2 4 18
  11 2 4 4
  18 2 12 19
  6 2 12 14
  8 2 12 12
  16 2 12 20
  2 2 20 21
  6 2 20 22
  4 2 20 16
  11 2 8 12
  19 2 8 15
  19 2 8 4
  4 2 8 21
  12 2 8 14
  21 2 21 3
  4 2 22 19
  20 2 22 8
  21 2 22 6
  22 2 22 21
  12 10 10 15
  12 10 10 16
  16 10 10 19
  22 10 10 6
  4 10 18 15
  3 10 6 8
  19 10 6 8
  4 10 6 15
  16 10 6 11
  15 10 14 12
  12 10 14 15
  20 10 3 16
  20 10 3 19
  14 10 11 4
  7 10 11 12
  12 10 11 11
  22 10 11 16
  3 10 19 21
  16 10 7 12
  8 10 15 22
  14 10 4 22
  6 10 20 16
  14 10 20 19
  20 10 20 15
  12 10 8 22
  21 10 8 15
  14 10 16 6
  19 10 16 21
  4 10 16 3
  20 10 16 8
  6 10 21 20
  12 10 21 14
  14 10 22 16
  11 10 22 4
  4 10 22 3
  16 10 22 20
  20 18 18 7
  6 18 6 3
  6 18 6 11
  6 18 6 12
  19 18 6 21
  15 18 6 6
  16 18 6 12
  21 18 6 21
  3 18 14 4
  18 18 3 12
  18 18 3 22
  3 18 3 14
  15 18 3 12
  6 18 19 11
  4 18 19 22
  11 18 7 11
  11 18 7 19
  22 18 7 16
  7 18 4 7
  7 18 4 12
  22 18 4 7
  7 18 20 16
  8 18 20 6
  21 18 8 21
  6 18 16 20
  14 18 16 20
  15 18 22 11
  4 18 22 16
  3 6 14 4
  4 6 14 8
  3 6 11 3
  11 6 19 15
  19 6 19 21
  4 6 7 8
  20 6 7 16
  21 6 7 11
  15 6 15 15
  12 6 15 20
  7 6 4 21
  7 6 12 19
  14 6 20 4
  12 6 8 16
  8 6 8 15
  7 6 16 16
  11 6 21 16
  21 11 6 7
  14 8 14 19
  22 14 3 7
  19 14 11 12
  8 14 11 8
  21 14 19 7
  14 14 7 21
  3 14 7 19
  16 14 7 19
  3 14 15 3
  15 14 15 20
  11 14 4 7
  21 14 12 11
  21 14 12 22
  22 14 12 15
  11 14 20 22
  19 14 20 8
  20 14 20 20
  19 14 8 3
  21 14 16 8
  22 14 16 7
  12 14 21 19
  12 14 21 8
  16 14 21 3
  22 14 21 21
  22 3 3 7
  19 3 11 22
  8 3 11 15
  11 3 7 19
  16 3 7 15
  3 3 15 16
  8 3 4 8
  3 3 12 20
  4 3 12 22
  22 3 12 21
  19 3 20 15
  4 3 16 12
  11 3 21 4
  11 3 22 16
  21 3 22 21
  21 3 22 22
  12 11 11 22
  20 11 11 7
  16 11 11 15
  19 11 7 15
  12 11 7 12
  19 11 4 8
  7 11 20 22
  16 11 20 8
  12 11 8 20
  12 11 8 21
  19 19 19 20
  16 19 7 4
  7 19 4 4
  7 19 4 20
  12 19 4 15
  4 19 12 16
  15 19 20 22
  21 19 20 15
  7 19 8 21
  4 19 8 21
  15 7 15 12
  20 7 15 8
  22 7 4 20
  16 7 21 22
  21 15 15 22
  12 15 4 4
  4 15 12 21
  16 15 20 21
  22 4 4 8
  8 4 12 12
  16 12 8 20
  21 20 16 16
  16 20 22 22
  21 8 22 22